11
3.06647E+00 0.00000E+00 3.03324E+00 3.23307E+00 2.76891E+00 2.67982E+00 3.23307E+00 3.01320E+00 2.83306E+00 2.85800E+00 3.10861E+00
0.00000E+00 0.00000E+00 0.00000E+00 0.00000E+00 0.00000E+00 0.00000E+00 0.00000E+00 0.00000E+00 0.00000E+00 0.00000E+00 0.00000E+00
3.03324E+00 0.00000E+00 3.00001E+00 3.19984E+00 2.73568E+00 2.64659E+00 3.19984E+00 2.97997E+00 2.79983E+00 2.82477E+00 3.07538E+00
3.23307E+00 0.00000E+00 3.19984E+00 3.39967E+00 2.93551E+00 2.84642E+00 3.39967E+00 3.17980E+00 2.99966E+00 3.02460E+00 3.27521E+00
2.76891E+00 0.00000E+00 2.73568E+00 2.93551E+00 2.47135E+00 2.38226E+00 2.93551E+00 2.71564E+00 2.53550E+00 2.56044E+00 2.81105E+00
2.67982E+00 0.00000E+00 2.64659E+00 2.84642E+00 2.38226E+00 2.29317E+00 2.84642E+00 2.62655E+00 2.44641E+00 2.47135E+00 2.72196E+00
3.23307E+00 0.00000E+00 3.19984E+00 3.39967E+00 2.93551E+00 2.84642E+00 3.39967E+00 3.17980E+00 2.99966E+00 3.02460E+00 3.27521E+00
3.01320E+00 0.00000E+00 2.97997E+00 3.17980E+00 2.71564E+00 2.62655E+00 3.17980E+00 2.95992E+00 2.77978E+00 2.80473E+00 3.05534E+00
2.83306E+00 0.00000E+00 2.79983E+00 2.99966E+00 2.53550E+00 2.44641E+00 2.99966E+00 2.77978E+00 2.59964E+00 2.62459E+00 2.87520E+00
2.85800E+00 0.00000E+00 2.82477E+00 3.02460E+00 2.56044E+00 2.47135E+00 3.02460E+00 2.80473E+00 2.62459E+00 2.64953E+00 2.90014E+00
3.10861E+00 0.00000E+00 3.07538E+00 3.27521E+00 2.81105E+00 2.72196E+00 3.27521E+00 3.05534E+00 2.87520E+00 2.90014E+00 3.15075E+00
2.10400E-01 0.00000E+00 1.89124E-01 1.51716E-01 5.74742E-02 5.74742E-02 1.34515E-01 2.10200E-01 5.61783E-02 5.74742E-02 1.78832E-01
0.00000E+00 0.00000E+00 0.00000E+00 0.00000E+00 0.00000E+00 0.00000E+00 0.00000E+00 0.00000E+00 0.00000E+00 0.00000E+00 0.00000E+00
1.89124E-01 0.00000E+00 1.70000E-01 1.36374E-01 5.16624E-02 5.16624E-02 1.20913E-01 1.88944E-01 5.04975E-02 5.16624E-02 1.60748E-01
1.51716E-01 0.00000E+00 1.36374E-01 1.09400E-01 4.14437E-02 4.14437E-02 9.69969E-02 1.51572E-01 4.05093E-02 4.14437E-02 1.28953E-01
5.74742E-02 0.00000E+00 5.16624E-02 4.14437E-02 1.57000E-02 1.57000E-02 3.67451E-02 5.74195E-02 1.53460E-02 1.57000E-02 4.88508E-02
5.74742E-02 0.00000E+00 5.16624E-02 4.14437E-02 1.57000E-02 1.57000E-02 3.67451E-02 5.74195E-02 1.53460E-02 1.57000E-02 4.88508E-02
1.34515E-01 0.00000E+00 1.20913E-01 9.69969E-02 3.67451E-02 3.67451E-02 8.60000E-02 1.34387E-01 3.59166E-02 3.67451E-02 1.14333E-01
2.10200E-01 0.00000E+00 1.88944E-01 1.51572E-01 5.74195E-02 5.74195E-02 1.34387E-01 2.10000E-01 5.61249E-02 5.74195E-02 1.78662E-01
5.61783E-02 0.00000E+00 5.04975E-02 4.05093E-02 1.53460E-02 1.53460E-02 3.59166E-02 5.61249E-02 1.50000E-02 1.53460E-02 4.77493E-02
5.74742E-02 0.00000E+00 5.16624E-02 4.14437E-02 1.57000E-02 1.57000E-02 3.67451E-02 5.74195E-02 1.53460E-02 1.57000E-02 4.88508E-02
1.78832E-01 0.00000E+00 1.60748E-01 1.28953E-01 4.88508E-02 4.88508E-02 1.14333E-01 1.78662E-01 4.77493E-02 4.88508E-02 1.52000E-01
